3 21349
3 480688
3 12933
3 19225
3 17763
3 17450
3 13240
3 10519
3 18022
3 12303
3 493635
3 471632
3 15155
3 16243
3 21788
3 17298
3 16885
3 10778
3 15396
3 13764
4 1585
4 2732
4 524
4 1920
4 934
4 1612
4 1917
4 1801
4 1811
4 524
4 490106
4 16959
4 15341
4 20368
4 17926
4 19014
4 24690
4 20989
4 19421
4 15353
5 21489
5 468832
5 25555
5 20349
5 21295
5 16552
5 20864
5 22340
5 22182
5 22646
5 26605
5 459706
5 21565
5 21662
5 21574
5 16876
5 20591
5 16592
5 21731
5 13776
6 35472
6 31403
6 30390
6 28080
6 26990
6 14826
6 21057
6 19964
6 22247
6 27059
6 36095
6 27340
6 27401
6 16656
6 22472
6 27690
6 23039
6 23804
6 26361
6 26937
6 30468
6 22161
6 25176
6 26779
6 23477
6 26198
6 25521
6 29227
6 20846
6 26886
7 40690
7 25038
7 28359
7 26640
7 27235
7 29457
7 31008
7 36070
7 30466
7 23453
7 36120
7 25194
7 29022
7 31050
7 25149
7 35713
7 27240
7 24155
7 27614
7 31462
7 35775
7 29234
7 28180
7 18690
7 24220
7 28645
7 32913
7 18221
7 26170
7 30692
8 38535
8 35669
8 28563
8 29783
8 34702
8 26440
8 32256
8 32517
8 27422
8 29142
8 45691
8 32491
8 33330
8 26587
8 36786
8 36195
8 24138
8 27872
8 39929
8 39756
8 46041
8 27840
8 26667
8 34190
8 33099
8 28196
8 25863
8 25387
8 30805
8 31702
9 43051
9 43146
9 36550
9 37542
9 32316
9 33378
9 32448
9 29071
9 31581
9 30468
9 48926
9 29498
9 29081
9 37916
9 26496
9 33432
9 37860
9 34762
9 38609
9 35221
9 50078
9 27291
9 31670
9 37341
9 36879
9 34545
9 31436
9 34416
9 34825
9 33622
10 50552
10 40073
10 46199
10 32613
10 33483
10 37607
10 45154
10 41147
10 39740
10 35515
10 52741
10 42179
10 32886
10 35357
10 39464
10 34296
10 36266
10 35244
10 41614
10 43350
10 59556
10 34286
10 36000
10 41559
10 41099
10 33373
10 27843
10 40390
10 37408
10 32866
10 52745
10 40886
10 40628
10 33780
10 32844
10 40663
10 34276
10 37746
10 39324
10 39330
10 48195
10 38831
10 42621
10 40995
10 46014
10 34791
10 35884
10 36201
10 36805
10 35946
3 23645
3 13236
3 17914
3 16348
3 16198
3 14772
3 16867
3 16886
3 15806
3 10412
